Webots Project File version 8.3.2
perspectives: 000000ff00000000fd00000002000000010000033c000001c3fc0200000001fb0000001400540065007800740045006400690074006f00720100000000000001c30000006d00ffffff0000000300000500000000e2fc0100000001fb0000000e0043006f006e0073006f006c00650100000000000005000000004f00ffffff000001be000001c300000001000000020000000100000008fc00000000
simulationViewPerspectives: 000000ff000000010000000200000100000002d60100000006010000000100
sceneTreePerspectives: 000000ff0000000100000002000000c0000000a80100000006010000000200
minimizedPerspectives: 
maximizedDockId: -1
centralWidgetVisible: 1
orthographicViewHeight: 1
textFiles: 1 "controllers/advanced_genetic_algorithm/advanced_genetic_algorithm.c" "controllers/advanced_genetic_algorithm_supervisor/advanced_genetic_algorithm_supervisor.c"
renderingDevicePerspectives: 305;1;2.61538;0.374999;0.132992
renderingDevicePerspectives: 8;1;0.92;0.505435;0.84399
