Webots Project File version 8.3.2
perspectives: 000000ff00000000fd00000002000000010000031e000002d8fc0200000001fb0000001400540065007800740045006400690074006f00720100000017000002d8000000aa00ffffff000000030000077e000000f9fc0100000001fb0000000e0043006f006e0073006f006c006501000000000000077e0000005a00ffffff0000045a000002d800000001000000020000000100000008fc00000000
simulationViewPerspectives: 000000ff00000001000000020000014d0000014b0100000006010000000100
sceneTreePerspectives: 000000ff0000000100000002000000c0000000ee0100000006010000000200
minimizedPerspectives: 
maximizedDockId: -1
centralWidgetVisible: 1
orthographicViewHeight: 1
textFiles: 1 "controllers/advanced_genetic_algorithm_supervisor/advanced_genetic_algorithm_supervisor.c" "controllers/advanced_genetic_algorithm/advanced_genetic_algorithm.c"
<<<<<<< HEAD
renderingDevicePerspectives: 8;1;0.72;0.0954839;0.0597015
renderingDevicePerspectives: 303;1;1;0.0348387;0.030597
=======
renderingDevicePerspectives: 8;1;0.72;0.759494;0.442935
renderingDevicePerspectives: 303;1;1;0.0683544;0.0557065
>>>>>>> bf738388ec0d26b17f389743439dc4336a656942
