Webots Project File version 8.3.2
perspectives: 000000ff00000000fd000000020000000100000212000001acfc0200000001fb0000001400540065007800740045006400690074006f00720100000000000001ac0000006d00ffffff0000000300000500000000f9fc0100000001fb0000000e0043006f006e0073006f006c00650100000000000005000000004f00ffffff000002e8000001ac00000001000000020000000100000008fc00000000
simulationViewPerspectives: 000000ff00000001000000020000014d0000014b0100000006010000000100
sceneTreePerspectives: 000000ff0000000100000002000000c0000000ee0100000006010000000200
minimizedPerspectives: 
maximizedDockId: -1
centralWidgetVisible: 1
orthographicViewHeight: 1
textFiles: 1 "controllers/advanced_genetic_algorithm_supervisor/advanced_genetic_algorithm_supervisor.c" "controllers/advanced_genetic_algorithm/advanced_genetic_algorithm.c"
renderingDevicePerspectives: 8;1;0.72;0.762025;0.442935
renderingDevicePerspectives: 303;1;1;0.0683544;0.0557065
