Webots Project File version 8.3.2
perspectives: 000000ff00000000fd0000000200000001000003a4000002f5fc0200000001fb0000001400540065007800740045006400690074006f00720100000017000002f5000000aa00ffffff000000030000077e000000dcfc0100000001fb0000000e0043006f006e0073006f006c006501000000000000077e0000005a00ffffff000003d4000002f500000001000000020000000100000008fc00000000
simulationViewPerspectives: 000000ff000000010000000200000195000003c10100000006010000000100
sceneTreePerspectives: 000000ff0000000100000002000000c0000000ee0100000006010000000200
minimizedPerspectives: 
maximizedDockId: -1
centralWidgetVisible: 1
orthographicViewHeight: 1
textFiles: 1 "controllers/advanced_genetic_algorithm_supervisor/advanced_genetic_algorithm_supervisor.c" "controllers/advanced_genetic_algorithm/advanced_genetic_algorithm.c"
renderingDevicePerspectives: 305;1;1;0.103691;0.046495
renderingDevicePerspectives: 8;1;1;0.177504;0.074392
