Webots Project File version 8.3.2
perspectives: 000000ff00000000fd00000003000000000000013a0000030dfc0200000001fb00000012005300630065006e0065005400720065006501000000150000030d0000000000000000000000010000038d000001a3fc0200000001fb0000001400540065007800740045006400690074006f00720100000000000001a3000000aa00ffffff000000030000050000000102fc0100000001fb0000000e0043006f006e0073006f006c00650100000000000005000000004f00ffffff0000016d000001a300000004000000040000000100000008fc00000000
simulationViewPerspectives: 000000ff000000010000000200000145000002a00100000006010000000101
sceneTreePerspectives: 000000ff0000000100000002000000c0000000e70100000006010000000201
minimizedPerspectives: 000000ff00000000fd00000003000000000000013a0000030dfc0200000001fb00000012005300630065006e0065005400720065006501000000150000030d0000000000000000000000010000038d000002cffc0200000001fb0000001400540065007800740045006400690074006f00720100000017000002cf000000aa00ffffff000000030000077e00000102fc0100000001fb0000000e0043006f006e0073006f006c006501000000000000077e0000005a00ffffff000003eb000002cf00000004000000040000000100000008fc00000000
maximizedDockId: -1
centralWidgetVisible: 1
orthographicViewHeight: 1
textFiles: 0 "controllers/advanced_genetic_algorithm/advanced_genetic_algorithm.c" "controllers/advanced_genetic_algorithm_supervisor/advanced_genetic_algorithm_supervisor.c"
renderingDevicePerspectives: 329;1;0.25;0.52;0.0766017
renderingDevicePerspectives: 234;1;0.961538;0.52;0.0550139
